0.33366666666666667 C:/Users/DELL/PycharmProjects/Metic_demo/img/test/00000010.jpg 0.0 0.0 0.0 1.0 0.0 0.0 0.0 1.0 0.0 0.0 0.0 1.0 
0.6673333333333333 C:/Users/DELL/PycharmProjects/Metic_demo/img/test/00000020.jpg -0.10560154396586148 0.20947906240825032 -0.9720940470574782 0.9993932642392652 -0.01031061564691325 0.033268522632773426 0.010292896970496542 0.9999467790394481 0.0007038185759039306 -0.033274008852864134 -0.0003609620681850334 0.9994462016743296 
1.0010000000000001 C:/Users/DELL/PycharmProjects/Metic_demo/img/test/00000030.jpg -0.0928953202216017 0.4904072727980526 -2.2937491121446905 0.9978879785672755 -0.016433172270799132 0.06284531072430835 0.01641321997334445 0.9998649464060605 0.0008337616639891069 -0.06285052458828991 0.0001994931677262969 0.9980229314807615 
1.3346666666666667 C:/Users/DELL/PycharmProjects/Metic_demo/img/test/00000040.jpg 0.1295955877542642 0.8004326273642379 -4.061642829101848 0.9962908717945806 -0.020784505771080666 0.08350151554700314 0.0205073960260451 0.9997809838907367 0.004175039964062585 -0.083570003512178 -0.00244715555747576 0.9964989041351987 
1.6683333333333334 C:/Users/DELL/PycharmProjects/Metic_demo/img/test/00000050.jpg 0.343810288703077 1.228918921957758 -6.004693113837289 0.9945597056020012 -0.031289494683224915 0.0993577350553496 0.030832365709404234 0.9995057511371542 0.00613340594731668 -0.09950053878056218 -0.0030366043900161826 0.9950328747414109 
2.0020000000000002 C:/Users/DELL/PycharmProjects/Metic_demo/img/test/00000060.jpg 0.4139516200203042 1.2102890123810006 -6.330088908123931 0.9950167045126268 -0.03262946300367513 0.09421823541610035 0.031678115599432635 0.9994310878216963 0.01157573702231481 -0.09454234359746373 -0.008533395551162696 0.9954842672927917 
2.3356666666666666 C:/Users/DELL/PycharmProjects/Metic_demo/img/test/00000070.jpg 0.48873048348243103 1.2261292882442147 -6.399157737141278 0.9960380948654115 -0.032530216904784234 0.08276411399277575 0.031655891719007415 0.999428520757573 0.01185480559957713 -0.08310245541712932 -0.009187866153627704 0.9964986527934632 
2.6693333333333333 C:/Users/DELL/PycharmProjects/Metic_demo/img/test/00000080.jpg 0.7092171778021308 1.2943914524924498 -6.726090456298265 0.9972784464135791 -0.030729889135705412 0.06701771581175751 0.02999257392625791 0.9994783196521487 0.011980569877732428 -0.06735091557058591 -0.009937930318961275 0.9976798543183978 
3.003 C:/Users/DELL/PycharmProjects/Metic_demo/img/test/00000090.jpg 0.9874159767952065 1.411594773335899 -7.179107701264044 0.9981935988947594 -0.03338230730203609 0.0499515834055384 0.032772780705413104 0.9993786396099009 0.012972260261755478 -0.05035358944864739 -0.011311774867643273 0.9986673919674061 
3.336666666666667 C:/Users/DELL/PycharmProjects/Metic_demo/img/test/00000100.jpg 1.2992687600693882 1.5254442502057501 -7.672724431850045 0.9987882262180697 -0.03672240477993032 0.03276498367679733 0.036261026189419836 0.999236186469146 0.014566455652907099 -0.03327487261962176 -0.01336071247265095 0.9993569303378904 
3.6703333333333332 C:/Users/DELL/PycharmProjects/Metic_demo/img/test/00000110.jpg 1.5746504424381185 1.5685926608152594 -8.0150670595782 0.999134602829354 -0.03874722935371239 0.015122752607905944 0.03852662120621042 0.9991506698739658 0.014616372629302562 -0.01567625234111439 -0.014021095100464042 0.9997788075393084 
4.0040000000000004 C:/Users/DELL/PycharmProjects/Metic_demo/img/test/00000120.jpg 1.8193421037181887 1.6111096019043034 -8.211830873820329 0.998357119673317 -0.05677709141238472 -0.007708663201100648 0.05692614295257294 0.9981630935412575 0.020732895135267108 0.006517349625539849 -0.021137657933093284 0.9997553318542303 
4.337666666666666 C:/Users/DELL/PycharmProjects/Metic_demo/img/test/00000130.jpg 1.9674502226596366 1.6196405291597709 -8.304175590721423 0.9956977174289643 -0.08907528259019484 -0.025527427176023784 0.08978816838909331 0.9955590161987746 0.02829010573787029 0.022894111122340806 -0.030460454638842636 0.9992737464674597 
4.671333333333333 C:/Users/DELL/PycharmProjects/Metic_demo/img/test/00000140.jpg 2.0013468664190786 1.642495298593901 -8.34562888956817 0.9933908923123536 -0.11045132250480563 -0.03122563734826416 0.11149048655919161 0.9931917698887691 0.033763584407005706 0.027283813473570888 -0.03702179874281773 0.998941930214257 
5.005 C:/Users/DELL/PycharmProjects/Metic_demo/img/test/00000150.jpg 2.0493466624754064 1.6591981072819675 -8.39477372684726 0.9902781464123481 -0.1340422691195878 -0.03717341560034551 0.13547331113827563 0.9900095465279805 0.03909066068378161 0.03156223546195629 -0.04374663270166732 0.9985439686963762 
5.338666666666667 C:/Users/DELL/PycharmProjects/Metic_demo/img/test/00000160.jpg 2.101346158719278 1.6874883342076938 -8.463793216956104 0.9857923471358627 -0.1620759788976565 -0.04410017452043964 0.16405916477500157 0.9853854714614182 0.045826445270035224 0.03602830528481342 -0.05241039684189629 0.9979755064735704 
5.6723333333333334 C:/Users/DELL/PycharmProjects/Metic_demo/img/test/00000170.jpg 2.1497067417360736 1.7185480735784762 -8.53323718549511 0.9808227005494474 -0.1883275891653766 -0.05019511177441514 0.19086432269162193 0.9802538783303681 0.05170245972620746 0.03946695339594012 -0.06029140218496186 0.9974002739182569 
6.006 C:/Users/DELL/PycharmProjects/Metic_demo/img/test/00000180.jpg 2.194848103279621 1.7492014709061616 -8.611062935080632 0.9765544447441805 -0.20824160163049485 -0.0545605333620524 0.2112071017876976 0.9758489516476521 0.05577081425458775 0.04162903559808342 -0.06598680867070983 0.9969517362824685 
6.339666666666667 C:/Users/DELL/PycharmProjects/Metic_demo/img/test/00000190.jpg 2.264136514581457 1.7901384794592634 -8.73583109507661 0.9720797875127491 -0.22710999352461406 -0.05900794480761208 0.2305158091254584 0.971263050639925 0.05924987936579985 0.04385599676673267 -0.07119787428621982 0.9964976238028468 
6.673333333333334 C:/Users/DELL/PycharmProjects/Metic_demo/img/test/00000200.jpg 2.3404598952027644 1.8269831980370794 -8.851410891093341 0.9686164545149296 -0.24038531579015693 -0.0632223377881089 0.24419665052535955 0.9677654308515935 0.061628457069968556 0.04636981685452967 -0.07513302071057756 0.996094809385021 
7.007000000000001 C:/Users/DELL/PycharmProjects/Metic_demo/img/test/00000210.jpg 2.469676417620091 1.8939159328665383 -9.087251354342222 0.9643720445214383 -0.255244558832805 -0.06954692611314782 0.25964877570743466 0.9635820038493136 0.06397058020192992 0.050686023903746935 -0.07974921343805208 0.9955254843231492 
7.3406666666666665 C:/Users/DELL/PycharmProjects/Metic_demo/img/test/00000220.jpg 2.626589500983935 1.9625341833263485 -9.315602988204272 0.9592519603879321 -0.2713417806950476 -0.07879920393728355 0.2766521563268241 0.9586516946021506 0.06671216407929922 0.057439192992480084 -0.08579374386087585 0.9946558061071714 
7.674333333333333 C:/Users/DELL/PycharmProjects/Metic_demo/img/test/00000230.jpg 2.8219259104894494 2.028236591145512 -9.579735174543526 0.9537476721251618 -0.28656369606190335 -0.09081093554840236 0.2930639019689597 0.9536245056898984 0.06865749420438294 0.06692478822202574 -0.09209533238464351 0.993498627313797 
8.008000000000001 C:/Users/DELL/PycharmProjects/Metic_demo/img/test/00000240.jpg 3.0719090526470443 2.125225853451796 -9.890367692568992 0.9456816531649022 -0.30661455196957205 -0.10804502481741705 0.31500463128645223 0.9464010712021313 0.07139394018783757 0.08036350624122814 -0.10155062258773642 0.9915791334617017 
8.341666666666667 C:/Users/DELL/PycharmProjects/Metic_demo/img/test/00000250.jpg 3.3541023796406937 2.2045052326830072 -10.117337986241468 0.9353361502681045 -0.3288718654582542 -0.13034409120343673 0.3399855144020394 0.9374896504604896 0.07431692456129803 0.09775549088630561 -0.11382640901599643 0.9886796309280881 
8.675333333333333 C:/Users/DELL/PycharmProjects/Metic_demo/img/test/00000260.jpg 3.6484387470161086 2.2633032698149345 -10.286922928252517 0.9272650923044028 -0.3421026350280483 -0.152135583282062 0.3561867251538111 0.9312458219773796 0.07689106498077607 0.11537099036547555 -0.12548707565538575 0.9853641603110744 
9.009 C:/Users/DELL/PycharmProjects/Metic_demo/img/test/00000270.jpg 3.9456102634125223 2.403885767240447 -10.68002577429111 0.9168755435833332 -0.3574739776061898 -0.1776276805939223 0.37513983929786066 0.9237321744003821 0.07738844196078165 0.13641604946025404 -0.13759078934271463 0.9810501700411178 
9.342666666666666 C:/Users/DELL/PycharmProjects/Metic_demo/img/test/00000280.jpg 4.2351759885062386 2.5042342797230037 -10.883960681492535 0.9067362996246489 -0.37032064813660603 -0.20172233517060764 0.39172950249980687 0.9167867931569722 0.07778157085202714 0.15613225103819126 -0.14954796373284096 0.9763493876318601 
9.676333333333334 C:/Users/DELL/PycharmProjects/Metic_demo/img/test/00000290.jpg 4.5131452423912615 2.604887009743194 -11.055242617817951 0.8979352232564054 -0.37920558336885596 -0.22341768143402385 0.4042336575000524 0.9113372883531832 0.07784277102722717 0.17409045056981065 -0.1602107124974875 0.9716095113889364 
10.01 C:/Users/DELL/PycharmProjects/Metic_demo/img/test/00000300.jpg 4.7485355415544 2.674619038727656 -11.198300067141206 0.894808642197928 -0.37730224021294223 -0.23866401777016125 0.4046995037886316 0.9112213470888588 0.0767721840434468 0.1885094307485329 -0.16528362332627144 0.9680627657228653 
10.343666666666667 C:/Users/DELL/PycharmProjects/Metic_demo/img/test/00000310.jpg 4.945260962607499 2.750921533924244 -11.301519069528648 0.8884405571562866 -0.38250452959580833 -0.2536999433159504 0.412495525060986 0.9077969577006345 0.07584276757960398 0.20129783457476255 -0.17203188201075348 0.9643050416581621 
10.677333333333333 C:/Users/DELL/PycharmProjects/Metic_demo/img/test/00000320.jpg 5.09301881824213 2.790630698328764 -11.39883249282214 0.8854688997534048 -0.3829996603801781 -0.26316551392263166 0.4147606844075432 0.9067613507698143 0.07587771359159354 0.20956717834451316 -0.17633806423676587 0.961762176872198 
11.011000000000001 C:/Users/DELL/PycharmProjects/Metic_demo/img/test/00000330.jpg 5.196384065670832 2.820308169568093 -11.479451232831208 0.8842722327285341 -0.3818406890182478 -0.26881277245578006 0.4145833054714371 0.9068642331909124 0.07561709716350785 0.21490300428256054 -0.17831138709888422 0.9602196352820545 
11.344666666666667 C:/Users/DELL/PycharmProjects/Metic_demo/img/test/00000340.jpg 5.259257930230181 2.877538832255834 -11.547269814222753 0.8784647292080451 -0.39056587081454464 -0.2752417484545403 0.4246715516018469 0.9022241434886622 0.07513766143705643 0.2189835445815871 -0.18289312578942446 0.9584343022562672 
11.678333333333333 C:/Users/DELL/PycharmProjects/Metic_demo/img/test/00000350.jpg 5.2880974090402315 2.9027008290976526 -11.631884709104535 0.8778215578356937 -0.39158013024810834 -0.27585197877446943 0.4257982973129598 0.9017055871174011 0.07498562640031264 0.21937438912575938 -0.1832813022545876 0.9582707559137774 
12.012 C:/Users/DELL/PycharmProjects/Metic_demo/img/test/00000360.jpg 5.30207512612039 2.9206654698376546 -11.693102204966165 0.8774978221299995 -0.39233954035791946 -0.27580293187137134 0.42654928510278006 0.9013576404144567 0.07490067719847635 0.21921058262642132 -0.1833687245367093 0.9582915168811448 
12.345666666666666 C:/Users/DELL/PycharmProjects/Metic_demo/img/test/00000370.jpg 5.303572145883484 2.9355235453811015 -11.749031134756766 0.8771505568715433 -0.3936123979277518 -0.2750930402200436 0.4277220886912788 0.9007998831778785 0.07492252873662349 0.2183133422984294 -0.18338170755090455 0.9584938361357381 
12.679333333333334 C:/Users/DELL/PycharmProjects/Metic_demo/img/test/00000380.jpg 5.300292161800581 2.95462042076056 -11.808960587939596 0.876675214234685 -0.39537402165226876 -0.27408019218666724 0.4292893353437769 0.9000697078655943 0.07473411231052407 0.21714335197437526 -0.18317724745517672 0.9587986549365187 
13.013 C:/Users/DELL/PycharmProjects/Metic_demo/img/test/00000390.jpg 5.295826344965402 2.975152416289425 -11.861950916142716 0.8754533054144354 -0.3983924446179867 -0.27361463796778823 0.43226160380238315 0.8986589284641889 0.0745790598612459 0.21617450339281666 -0.1835635867019933 0.9589436864174918 
13.346666666666668 C:/Users/DELL/PycharmProjects/Metic_demo/img/test/00000400.jpg 5.2909153922922085 2.9952806966878804 -11.918421371681733 0.874435357238031 -0.401093104146001 -0.27292330024848044 0.4348740635035247 0.8974063358826857 0.07447427213168745 0.21505198186468638 -0.1838102013603637 0.9591488179484626 
13.680333333333333 C:/Users/DELL/PycharmProjects/Metic_demo/img/test/00000410.jpg 5.2801417986008 3.0268425624226323 -11.985995808567527 0.8728037548749868 -0.40525847024757955 -0.2719911354598078 0.43883289826891625 0.8955261158612648 0.07388276664648813 0.21363354809820218 -0.18384381442688813 0.9594593055590972 
14.014000000000001 C:/Users/DELL/PycharmProjects/Metic_demo/img/test/00000420.jpg 5.274723690707576 3.0524332298261014 -12.02544888336382 0.8704159498927023 -0.4101037297659571 -0.27238025810332783 0.4438095621037079 0.8930967630609586 0.07356116091629486 0.21309422037610426 -0.18491377082869961 0.9593736240903288 
14.347666666666667 C:/Users/DELL/PycharmProjects/Metic_demo/img/test/00000430.jpg 5.266226737309894 3.0724573993011197 -12.059546689627263 0.8686494682230913 -0.41388214838503806 -0.2723043675814364 0.44761152843321866 0.8912195229559963 0.0732917561241662 0.21234881909117984 -0.1855514191545612 0.9594157857156144 
14.681333333333333 C:/Users/DELL/PycharmProjects/Metic_demo/img/test/00000440.jpg 5.25644442704196 3.0894336139577194 -12.091125485110686 0.8675086059054108 -0.41663967556092557 -0.2717355321420762 0.45025758914834374 0.8899116786477453 0.07297470534831511 0.21141646599631725 -0.18565717049130842 0.9596012155842599 
15.015 C:/Users/DELL/PycharmProjects/Metic_demo/img/test/00000450.jpg 5.243336724091822 3.102529637056959 -12.120089982108844 0.8662159159730417 -0.4197033211868709 -0.2711440744322002 0.4532725369694819 0.8883835410756588 0.07292935742979606 0.21027123946045012 -0.18607473264950158 0.9597719519371164 
15.348666666666666 C:/Users/DELL/PycharmProjects/Metic_demo/img/test/00000460.jpg 5.228315734135709 3.1094921698096982 -12.146793234404639 0.8660384229761867 -0.420929943744914 -0.26980628678335683 0.454261793734723 0.887879193148583 0.07291612391462704 0.2088628082781409 -0.18571085275967258 0.9601498875099886 
15.682333333333334 C:/Users/DELL/PycharmProjects/Metic_demo/img/test/00000470.jpg 5.21012426068481 3.1225998298229296 -12.171574454788935 0.8645992422659299 -0.42433988618039137 -0.2690795630842157 0.45758758434650953 0.8861794251933909 0.07279855091852688 0.2075614437343939 -0.1860690392309366 0.9603627229930212 
16.016000000000002 C:/Users/DELL/PycharmProjects/Metic_demo/img/test/00000480.jpg 5.193917212424175 3.1308654682474724 -12.191381592730403 0.8638620049448201 -0.42642849722310155 -0.2681439411375219 0.45952776131839007 0.8851804463704093 0.07273110710824984 0.2063411568020889 -0.1860492249904048 0.9606294878307898 
16.349666666666668 C:/Users/DELL/PycharmProjects/Metic_demo/img/test/00000490.jpg 5.173382415836734 3.136705987735155 -12.211819986637291 0.8636843895197246 -0.4277553219959819 -0.26659831170518433 0.46055896270012453 0.884652775329967 0.07262856860473174 0.20477967959865068 -0.18551240283361328 0.9610673395857198 
16.683333333333334 C:/Users/DELL/PycharmProjects/Metic_demo/img/test/00000500.jpg 5.150901084675139 3.1476238329853516 -12.225630378209978 0.862662125726851 -0.43046777629145505 -0.2655401107386991 0.4630642329944987 0.8833685634794436 0.07232908942797943 0.20343444388216886 -0.18535769374631822 0.9613828334287017 
17.017 C:/Users/DELL/PycharmProjects/Metic_demo/img/test/00000510.jpg 5.122336799177042 3.1517462126188187 -12.241039925859498 0.8621063461571731 -0.4326326375106627 -0.2638212441713063 0.46494943469013106 0.882374721024304 0.07236625510974928 0.20148119291104089 -0.1850509461144397 0.9618531469228007 
17.350666666666665 C:/Users/DELL/PycharmProjects/Metic_demo/img/test/00000520.jpg 5.088674900325556 3.154185215924585 -12.256089224548694 0.8620015892384612 -0.4342344012701092 -0.26152197786028797 0.46613963741156056 0.8817454294372884 0.07237980450561338 0.19916600760216602 -0.18429726644755667 0.9624798278383668 
17.684333333333335 C:/Users/DELL/PycharmProjects/Metic_demo/img/test/00000530.jpg 5.049219681492749 3.158085516866471 -12.27538280031836 0.8617699886110656 -0.4362736172335168 -0.25887799758818164 0.4677087682765784 0.8809140175895914 0.0723809484006031 0.19647135874343 -0.1834552384647214 0.9631942590533659 
18.018 C:/Users/DELL/PycharmProjects/Metic_demo/img/test/00000540.jpg 5.025244688158598 3.1607370475769097 -12.286449724273856 0.8609477506614366 -0.4385951362099006 -0.2576883333098947 0.46987912385858926 0.8797463898288717 0.07252515801397026 0.19489119937261698 -0.18352273994272644 0.9635023738066332 
18.351666666666667 C:/Users/DELL/PycharmProjects/Metic_demo/img/test/00000550.jpg 5.025481835764232 3.166505356607222 -12.286092260656183 0.8603024976344694 -0.4396374773347769 -0.25806685390922895 0.4709643676920228 0.879187711780067 0.07226016758479713 0.1951209289859674 -0.18370589532631593 0.963420970860615 
18.685333333333332 C:/Users/DELL/PycharmProjects/Metic_demo/img/test/00000560.jpg 5.07263607019415 3.16803736469025 -12.267829879188836 0.8596718347518786 -0.4387535873009275 -0.26164790495034806 0.47073583100978944 0.8793205931553055 0.07213232185729797 0.19842407600354853 -0.18517716944474882 0.9624641821795598 
19.019000000000002 C:/Users/DELL/PycharmProjects/Metic_demo/img/test/00000570.jpg 5.183133809128488 3.1643797872750397 -12.224478343199806 0.8584360159704114 -0.4361616678362721 -0.26990851412122796 0.46976232545623164 0.879827443907014 0.07229817791620813 0.20593922420656333 -0.18885621106633382 0.9601678850466033 
19.352666666666668 C:/Users/DELL/PycharmProjects/Metic_demo/img/test/00000580.jpg 5.368252702154678 3.151705131608864 -12.151105402504708 0.8579830419954055 -0.4289026396773702 -0.2826793684125071 0.46499773223807883 0.8823287536452789 0.07261597278982586 0.2182709524003456 -0.19374853849397866 0.9564618628934942 
19.686333333333334 C:/Users/DELL/PycharmProjects/Metic_demo/img/test/00000590.jpg 5.608073267484825 3.1263280156264392 -12.05032732191181 0.8566866793436526 -0.41993583440370413 -0.29956940501127705 0.4596322305213805 0.8850397621325031 0.07377555225399998 0.2341498368589786 -0.20089428669851947 0.9512178191512219 
20.02 C:/Users/DELL/PycharmProjects/Metic_demo/img/test/00000600.jpg 5.896693464452347 3.148374037638415 -11.908980854475042 0.8490111778632584 -0.4178341721706262 -0.3234109219394577 0.4625196383579743 0.8836335356486769 0.07257657204792135 0.25545176452013624 -0.21120222357614044 0.9434712591065203 
20.353666666666665 C:/Users/DELL/PycharmProjects/Metic_demo/img/test/00000610.jpg 6.220333671392976 3.084079790886726 -11.7621703422324 0.8507612823538505 -0.39772843232898386 -0.343536511254278 0.44705533534512737 0.891341816269974 0.07517508701690791 0.2763091883870087 -0.2175358836736433 0.936125724316579 
20.687333333333335 C:/Users/DELL/PycharmProjects/Metic_demo/img/test/00000620.jpg 6.547411191837196 3.1026041100409083 -11.580322114128576 0.8402759105794992 -0.39529081427956936 -0.37105466746287996 0.451220762899722 0.8893033462610307 0.07442702101472502 0.30055983967919986 -0.22996680298497096 0.9256236018473628 
21.021 C:/Users/DELL/PycharmProjects/Metic_demo/img/test/00000630.jpg 6.863858175874031 3.025899302703191 -11.41764656147648 0.8416654508746456 -0.3731837753472407 -0.3902987812196699 0.43397034063008955 0.8975768426503095 0.07762444841224715 0.3213549630196857 -0.23471191140519865 0.9174101080689784 
21.354666666666667 C:/Users/DELL/PycharmProjects/Metic_demo/img/test/00000640.jpg 7.13156602738483 3.1477750551384256 -11.218635407251986 0.8177537866365642 -0.39195554751469 -0.42148498575159277 0.4612247692284608 0.8843168174480893 0.07249468000229882 0.34431156920979855 -0.25368211436942534 0.9039330330048482 
21.688333333333333 C:/Users/DELL/PycharmProjects/Metic_demo/img/test/00000650.jpg 7.379650230537113 3.1435997337066155 -11.057192346526078 0.8115190600823364 -0.38384565383363817 -0.4405670540974529 0.45828908999856627 0.8858527435399677 0.07236039490631763 0.3625023104910743 -0.2606289139672324 0.8947986612042363 
22.022000000000002 C:/Users/DELL/PycharmProjects/Metic_demo/img/test/00000660.jpg 7.598683310523543 3.1138731448798227 -10.915031263457667 0.8079762055470614 -0.3730323517706287 -0.45609353843509626 0.4520060462310413 0.8889682933012789 0.07366076075898874 0.3779748476292496 -0.26567317899533094 0.8868781069133234 
22.355666666666668 C:/Users/DELL/PycharmProjects/Metic_demo/img/test/00000670.jpg 7.750022021888787 3.070294797383044 -10.819417185292185 0.808070892714827 -0.3613630669056851 -0.46522915452879754 0.4430072279891035 0.8933257312407387 0.0755892442918296 0.3882860135215701 -0.2671813462420548 0.8819569716963579 
22.689333333333334 C:/Users/DELL/PycharmProjects/Metic_demo/img/test/00000680.jpg 7.840828243646266 3.0456466462878513 -10.759870756770892 0.8086938014608421 -0.3532837542834805 -0.4703242758333672 0.4361287853495383 0.8966361491861731 0.07638912594163548 0.3947227103529113 -0.26689736778761985 0.8791813106519563 
23.023 C:/Users/DELL/PycharmProjects/Metic_demo/img/test/00000690.jpg 7.878618646442719 3.014094141275745 -10.740329330020705 0.8118626318168961 -0.3454403649566125 -0.47069100407590697 0.42806062990717414 0.9004197286031722 0.07751393078449217 0.3970430256065662 -0.2644149515455435 0.8788865508223183 
23.356666666666666 C:/Users/DELL/PycharmProjects/Metic_demo/img/test/00000700.jpg 7.871408620318406 3.0010847433699115 -10.748575345333164 0.8143619461747894 -0.34217514943103494 -0.46875450689487586 0.42394663255910553 0.9023357234006348 0.07784275828134374 0.39633807962925294 -0.26211907482459545 0.8798918781582735 
23.690333333333335 C:/Users/DELL/PycharmProjects/Metic_demo/img/test/00000710.jpg 7.833726856931671 3.0342715973822982 -10.766330532848091 0.8129142084784579 -0.34746080913655103 -0.4673772306906013 0.4285378465653948 0.9003184489906361 0.07603949281912332 0.3943675997276353 -0.26210241609200907 0.8807817662530231 
24.024 C:/Users/DELL/PycharmProjects/Metic_demo/img/test/00000720.jpg 7.77962256910958 3.0496386744597452 -10.800701853179959 0.8134883623596657 -0.3509074768680984 -0.4637894209481866 0.4308097184965841 0.8993023786440982 0.07522112877350949 0.3906912729435907 -0.26099650274118974 0.8827463705972316 
24.357666666666667 C:/Users/DELL/PycharmProjects/Metic_demo/img/test/00000730.jpg 7.713920423374598 3.0661398821423465 -10.84259711036018 0.814312173130126 -0.35482517145940595 -0.459341683707123 0.4333068435758074 0.8981743835547518 0.07435022553033897 0.386187602082799 -0.25958018881425565 0.8851425091886012 
24.691333333333333 C:/Users/DELL/PycharmProjects/Metic_demo/img/test/00000740.jpg 7.651351200313335 3.08264118468887 -10.88181400116855 0.8150628289827576 -0.35853631483725684 -0.45510910313192304 0.43564535246958774 0.8971162930881049 0.07345395528837163 0.38194988111304945 -0.25813575424333773 0.8874008230213394 
25.025000000000002 C:/Users/DELL/PycharmProjects/Metic_demo/img/test/00000750.jpg 7.592305047204236 3.0789395174271275 -10.92375187699789 0.8174200322836987 -0.35947254110561555 -0.4501155218523222 0.4351727529430588 0.8973290643973357 0.07365612862322862 0.3774243843702687 -0.2560860058239684 0.889927408109139 
25.358666666666668 C:/Users/DELL/PycharmProjects/Metic_demo/img/test/00000760.jpg 7.539034277780739 3.114725077103337 -10.950151866887023 0.8157952543361003 -0.36594795452969886 -0.44783947746734776 0.4407753711623603 0.8947414270537721 0.07179729027242676 0.3744264616441807 -0.2559685005802648 0.8912266555323118 
25.692333333333334 C:/Users/DELL/PycharmProjects/Metic_demo/img/test/00000770.jpg 7.497087316813262 3.1264679980359236 -10.975213002975899 0.8168803321259638 -0.3674391068345003 -0.44462908784113503 0.4410453816084384 0.8946767343558789 0.0709402027355933 0.37173309557751516 -0.2540512620928399 0.892901148997689 
26.026 C:/Users/DELL/PycharmProjects/Metic_demo/img/test/00000780.jpg 7.475775755231331 3.1553921911863556 -10.98112259420487 0.8156323471645934 -0.3708806269181571 -0.44406242222864445 0.44390383689028107 0.8934004670730576 0.06917361511247776 0.3710704216895533 -0.2535412511021377 0.8933216532339848 
26.359666666666666 C:/Users/DELL/PycharmProjects/Metic_demo/img/test/00000790.jpg 7.454482621990646 3.191750498422809 -10.98465454405288 0.8139428195170945 -0.3749416863748252 -0.44375197844625414 0.44732166501266585 0.8918659334361009 0.06692148224934161 0.3706756190618139 -0.25297013379953537 0.8936474119240688 
26.693333333333335 C:/Users/DELL/PycharmProjects/Metic_demo/img/test/00000800.jpg 7.451439330549107 3.2148570642503156 -10.979581155554936 0.8121887466613688 -0.37773815467155775 -0.4445934393375157 0.4500895269222079 0.8905724365855473 0.06557555145802799 0.3711722747614348 -0.25336657573446364 0.8933288984181662 
27.027 C:/Users/DELL/PycharmProjects/Metic_demo/img/test/00000810.jpg 7.454772867744828 3.2298922493422646 -10.972519229299671 0.8110673417660371 -0.3791323891302889 -0.44545302629226075 0.45149621286410857 0.8899287312915556 0.06463762829165283 0.37191522809632566 -0.25354582373638396 0.8929689683163109 
27.360666666666667 C:/Users/DELL/PycharmProjects/Metic_demo/img/test/00000820.jpg 7.461230787010615 3.2435663039041236 -10.963731768800374 0.8095828242180378 -0.38081699567177424 -0.4467147485125932 0.4534237283567591 0.889002879529208 0.06388116116534208 0.37280366588085134 -0.25426815765309735 0.89239292394634 
27.694333333333333 C:/Users/DELL/PycharmProjects/Metic_demo/img/test/00000830.jpg 7.473093621024053 3.248455133831154 -10.953808296702523 0.8089106322971531 -0.38092956401058564 -0.44783507703095904 0.45376102381813554 0.8888542942916412 0.06355294472190794 0.3738509358288906 -0.2546187557545862 0.8918546781835307 
28.028000000000002 C:/Users/DELL/PycharmProjects/Metic_demo/img/test/00000840.jpg 7.487760920971697 3.2611316119657268 -10.939563368387168 0.807511835547888 -0.38187721237942024 -0.44954914093500836 0.4550121855291099 0.8882702381343531 0.06276858342166552 0.375351230809363 -0.2552367111331418 0.891047515466955 
28.361666666666668 C:/Users/DELL/PycharmProjects/Metic_demo/img/test/00000850.jpg 7.509845699240275 3.2634336348205872 -10.923282478110675 0.8066823665506809 -0.38146083580389173 -0.4513880705601214 0.4550607992675652 0.8882576822857204 0.06259360055440809 0.37707191418369723 -0.25590216999509086 0.8901296820832603 
28.695333333333334 C:/Users/DELL/PycharmProjects/Metic_demo/img/test/00000860.jpg 7.546812215445654 3.249161502021874 -10.901561494400658 0.8069271782044514 -0.37840651741041165 -0.4535163025254168 0.4526779717662234 0.8894233012900211 0.06331544045474623 0.3794089916602133 -0.256387789693043 0.8889961295437095 
29.029 C:/Users/DELL/PycharmProjects/Metic_demo/img/test/00000870.jpg 7.599605900457335 3.2635140050985307 -10.859971040982227 0.8039399105405081 -0.37878246078682953 -0.4584806077037433 0.4543142199386301 0.8886491782002172 0.06245980824204249 0.3837697353904733 -0.25850819229640015 0.8865067990229818 
29.362666666666666 C:/Users/DELL/PycharmProjects/Metic_demo/img/test/00000880.jpg 7.685705015134233 3.259219113154713 -10.799815712979386 0.801426892439851 -0.37591686263878277 -0.4651896908337694 0.45340079958655854 0.8891029933769669 0.06263850335366075 0.3900546769473131 -0.2611175588732625 0.8829920551395666 
29.696333333333335 C:/Users/DELL/PycharmProjects/Metic_demo/img/test/00000890.jpg 7.802508467140471 3.2695112131224953 -10.711744265152648 0.7964020022516135 -0.37410129765764993 -0.4751758305095951 0.4544131469715787 0.8886313080975543 0.06199266189006471 0.39906458458375815 -0.2652972245608534 0.8777043009871267 
30.03 C:/Users/DELL/PycharmProjects/Metic_demo/img/test/00000900.jpg 7.957669584041342 3.264594269293742 -10.597463984795265 0.7911556458248824 -0.3692940218852485 -0.48753940300167636 0.4533630424802091 0.8891535030650559 0.06219324481185998 0.4105297745505209 -0.27023688383889677 0.87088307528654 
30.363666666666667 C:/Users/DELL/PycharmProjects/Metic_demo/img/test/00000910.jpg 8.150002246038781 3.2713059037424146 -10.44693963907479 0.7830369013199495 -0.3649513785634015 -0.5036503772022061 0.45399510394515846 0.8888613891532708 0.06175659046889079 0.42513722110052465 -0.27701249458677923 0.8616974069113433 
30.697333333333333 C:/Users/DELL/PycharmProjects/Metic_demo/img/test/00000920.jpg 8.375836749012576 3.3066406380777407 -10.254111008296814 0.770082557183093 -0.3634743222077972 -0.5242702282391503 0.45907921421210784 0.8863802750019689 0.05980203312453167 0.4429662856253756 -0.2867340670081189 0.8494494950356034 
31.031 C:/Users/DELL/PycharmProjects/Metic_demo/img/test/00000930.jpg 8.623609943053047 3.3443120538548614 -10.032743869767517 0.7557544188426676 -0.36057291063746066 -0.54664653526224 0.4635015997042835 0.8842244617296388 0.057561865418875646 0.46260298904282043 -0.29687417771399455 0.8353826650914464 
31.36466666666667 C:/Users/DELL/PycharmProjects/Metic_demo/img/test/00000940.jpg 8.882644778564156 3.3978925216919884 -9.784236968428372 0.7396241761523311 -0.3573578496798257 -0.5703082020479773 0.46791727137972033 0.882115013101295 0.054097419585957235 0.4837452895848626 -0.30686881714099434 0.8196474997649564 
31.698333333333334 C:/Users/DELL/PycharmProjects/Metic_demo/img/test/00000950.jpg 9.14913368895706 3.365939420695882 -9.545322840906527 0.7314445734526795 -0.3421957597971999 -0.5898227682477547 0.4593086242138304 0.8865573738427364 0.05524138491990288 0.5040083567654666 -0.31131669544354285 0.8056410437959864 
32.032000000000004 C:/Users/DELL/PycharmProjects/Metic_demo/img/test/00000960.jpg 9.405039569679474 3.3795634070392326 -9.286792467254726 0.7192458666577237 -0.33150478041728765 -0.6105652822231754 0.45511830300246275 0.888819457489022 0.05354719657534901 0.5249311512645619 -0.3163930349255597 0.7901536141046595 
32.36566666666667 C:/Users/DELL/PycharmProjects/Metic_demo/img/test/00000970.jpg 9.644522559920182 3.3879227144559456 -9.033251568290762 0.7062596449832624 -0.3219746765152314 -0.6304995016263123 0.4526792817035671 0.8901255834373947 0.05251584167258752 0.5443149656076512 -0.322503881206335 0.7744110438406671 
32.699333333333335 C:/Users/DELL/PycharmProjects/Metic_demo/img/test/00000980.jpg 9.853880062422965 3.403405262510326 -8.797070117004958 0.6941577666781064 -0.3133189891470434 -0.6480557121114964 0.449952343163679 0.8916011778584741 0.05089428772363852 0.5618610894535933 -0.32692285126808823 0.759890495714195 
33.033 C:/Users/DELL/PycharmProjects/Metic_demo/img/test/00000990.jpg 10.02156316442049 3.4083118567120434 -8.602503796691714 0.6852000776086496 -0.3047052178198795 -0.6615554276690958 0.44560198567556647 0.8938430825609733 0.04983386519114594 0.5761421040048129 -0.3289365805003098 0.7482385996469779 
33.36666666666667 C:/Users/DELL/PycharmProjects/Metic_demo/img/test/00001000.jpg 10.155296757900176 3.40423675610087 -8.444919563871613 0.6785192245781918 -0.2967724790259818 -0.6719655925496354 0.44090597552299715 0.8961925860337816 0.04940414442329091 0.5875487916981225 -0.3297953068660261 0.7389326579216946 
33.70033333333333 C:/Users/DELL/PycharmProjects/Metic_demo/img/test/00001010.jpg 10.240902253764627 3.4341883285745127 -8.327850354010522 0.6714537978655886 -0.29454418694649015 -0.6799952347391183 0.440882818628114 0.8963283061168589 0.04709466946706439 0.5956275157935595 -0.3314201104183534 0.7317025166280895 
34.034 C:/Users/DELL/PycharmProjects/Metic_demo/img/test/00001020.jpg 10.299339647174309 3.4482153156184623 -8.248960226196374 0.6667567506315568 -0.292731283841126 -0.6853786040926387 0.44084296714788274 0.8964046063378293 0.04600282657154964 0.6009100713114225 -0.3328170326125863 0.7267323503185019 
34.367666666666665 C:/Users/DELL/PycharmProjects/Metic_demo/img/test/00001030.jpg 10.32948218336692 3.4453182742733506 -8.21196120613932 0.665796258457028 -0.29015224623272273 -0.6874060053787193 0.4384954838069144 0.8975629963522156 0.04585169855275628 0.6036862205695627 -0.3319523182406446 0.7248245342902648 
34.70133333333333 C:/Users/DELL/PycharmProjects/Metic_demo/img/test/00001040.jpg 10.340671308223602 3.4451664252731242 -8.197562275596088 0.6655872292995518 -0.28902872833208615 -0.6880814155258684 0.4372373343867241 0.8981863165781117 0.04566020291496739 0.6048282017331349 -0.331245731913003 0.7241954925831016 
35.035000000000004 C:/Users/DELL/PycharmProjects/Metic_demo/img/test/00001050.jpg 10.336352027388392 3.463439728228089 -8.194999566950687 0.6647660114875767 -0.290456566813025 -0.6882740244743293 0.4382403547792344 0.8977600160398324 0.04441109144268793 0.6050054061030115 -0.3311524367951273 0.7240901340239208 
35.36866666666667 C:/Users/DELL/PycharmProjects/Metic_demo/img/test/00001060.jpg 10.322063396037619 3.471824169327495 -8.209139959673745 0.6655576919694033 -0.2913230954729771 -0.6871417704552704 0.4381619903901255 0.8978306649909908 0.043751196317342506 0.6041912187691282 -0.3301983510647467 0.7252048125298106 
35.702333333333335 C:/Users/DELL/PycharmProjects/Metic_demo/img/test/00001070.jpg 10.29889159723071 3.4802057481221444 -8.234338999929117 0.666936523839786 -0.29260699493292675 -0.6852567545707409 0.43820667037586025 0.8978398477678591 0.043110576408690954 0.6026363639929178 -0.3290360987437543 0.7270245240133827 
36.036 C:/Users/DELL/PycharmProjects/Metic_demo/img/test/00001080.jpg 10.274101585390643 3.490544971338242 -8.260581507624948 0.6683014972836387 -0.29408384256289377 -0.6832918865842692 0.438360878092411 0.8978013930783038 0.042336735168265 0.6010098578946081 -0.3278221348995528 0.7289168667162275 
36.36966666666667 C:/Users/DELL/PycharmProjects/Metic_demo/img/test/00001090.jpg 10.249050832832763 3.497497809279276 -8.2884395521084 0.6699286872598181 -0.2952863511427257 -0.6811765738889967 0.4382454682291127 0.8978837556278042 0.041781227319879266 0.599279954247581 -0.3265129893411969 0.7309259909378603 
36.70333333333333 C:/Users/DELL/PycharmProjects/Metic_demo/img/test/00001100.jpg 10.22587581892081 3.511587066320487 -8.310752141887042 0.670710865867168 -0.2971778818419583 -0.6795824018848936 0.43904031111762426 0.8975396243995989 0.040819454263460425 0.5978214947803847 -0.3257421206668768 0.7324626483323176 
37.037 C:/Users/DELL/PycharmProjects/Metic_demo/img/test/00001110.jpg 10.199734031565963 3.5384611330100193 -8.331225506253736 0.6702038331196413 -0.30081230900398526 -0.6784827019338303 0.4419332344158625 0.8961908057335727 0.03920530623963983 0.5962565206272165 -0.3261196014812672 0.7335694698794554 
37.370666666666665 C:/Users/DELL/PycharmProjects/Metic_demo/img/test/00001120.jpg 10.18571135763287 3.562426700014805 -8.337899199260209 0.6687231513382974 -0.3040598529086437 -0.6784960963140103 0.44519816245991173 0.8946310129677983 0.03786748973102555 0.5954896665824647 -0.3273880823814227 0.7336273580695585 
37.70433333333333 C:/Users/DELL/PycharmProjects/Metic_demo/img/test/00001130.jpg 10.18308010682725 3.5729919161849533 -8.336257790846528 0.6685025781720293 -0.30460640669677647 -0.6784683043272015 0.445257746750318 0.8946351551300835 0.037060466324661034 0.5956927412149486 -0.3268682857125323 0.7336942700193118 
38.038000000000004 C:/Users/DELL/PycharmProjects/Metic_demo/img/test/00001140.jpg 10.194496061640926 3.5895892824542766 -8.314765823532994 0.6665020409715685 -0.30543097326499075 -0.680063930782345 0.44642093508798747 0.8941002657238255 0.03595919281284693 0.5970622899630326 -0.3275616513009194 0.7322704326279428 
38.37166666666667 C:/Users/DELL/PycharmProjects/Metic_demo/img/test/00001150.jpg 10.224078543282282 3.605572766253021 -8.270943399168326 0.6632416681861246 -0.3054621362200265 -0.6832301024673785 0.44749846135132276 0.893603859370959 0.034889391016842936 0.5998796684918445 -0.32888451750306735 0.7293691503463039 
38.705333333333336 C:/Users/DELL/PycharmProjects/Metic_demo/img/test/00001160.jpg 10.270535454171519 3.6376453067485963 -8.198409566107689 0.6575000181586531 -0.30606135032204174 -0.6884912315784559 0.44977953220862144 0.8925384111471371 0.03276518019388314 0.6044767146280858 -0.3312123706415453 0.724504152511525 
39.039 C:/Users/DELL/PycharmProjects/Metic_demo/img/test/00001170.jpg 10.341871303198458 3.67300134748594 -8.091549677415248 0.6501107899492599 -0.3052732945622086 -0.6958190687374731 0.4511954764124689 0.8919122413798257 0.030252202262656847 0.6113743557399792 -0.3336176993265652 0.717579701384853 
39.37266666666667 C:/Users/DELL/PycharmProjects/Metic_demo/img/test/00001180.jpg 10.442331748726689 3.7007083786686055 -7.947800979255434 0.6407088594704597 -0.30276586802193584 -0.7055671382348999 0.45237107895643713 0.8913810923122559 0.02828701454728752 0.620364863866299 -0.3373019084279443 0.7080782853971834 
39.70633333333333 C:/Users/DELL/PycharmProjects/Metic_demo/img/test/00001190.jpg 10.558751365517141 3.783067999505135 -7.751979696377726 0.6258083545106182 -0.30315561999229423 -0.718651913997173 0.4567531719137856 0.8893063404697399 0.022600282011846495 0.632250301203098 -0.3423899865174314 0.6950026286001981 
40.04 C:/Users/DELL/PycharmProjects/Metic_demo/img/test/00001200.jpg 10.71690343039987 3.829814994190212 -7.507211962080592 0.6105248965991487 -0.29789103698064195 -0.7338394107154484 0.45677086248225535 0.8893818030851879 0.018983875477798645 0.6470082919250846 -0.34678658916909955 0.67905767925313 
40.373666666666665 C:/Users/DELL/PycharmProjects/Metic_demo/img/test/00001210.jpg 10.882050396761565 3.9009778305131744 -7.226897034764073 0.5918273508824181 -0.2936001528342181 -0.7506925715652334 0.4582639801728134 0.8887104815391429 0.0137041774155231 0.6631248081799311 -0.35212587274750007 0.6605095446079041 
40.70733333333333 C:/Users/DELL/PycharmProjects/Metic_demo/img/test/00001220.jpg 11.021193004038633 3.9834254633690684 -6.965661265785597 0.572918146901258 -0.2914293140195752 -0.7660507501995598 0.46168095384062285 0.8870114223769034 0.007837948310320225 0.6772115576480079 -0.3581615438639141 0.6427323040621005 
41.041000000000004 C:/Users/DELL/PycharmProjects/Metic_demo/img/test/00001230.jpg 11.13733956028854 4.041635042706672 -6.743237619622177 0.5582569286324164 -0.2877603352463275 -0.778166557423809 0.4618593234800411 0.8869468600887823 0.0033515210291509834 0.689227949918211 -0.3612744896025338 0.6280490237345878 
41.37466666666667 C:/Users/DELL/PycharmProjects/Metic_demo/img/test/00001240.jpg 11.20016109717905 4.114001960820878 -6.593100924884747 0.5461941595330415 -0.2884858339830283 -0.7864145622272715 0.4650166301445604 0.885300136603784 -0.001789362545310369 0.6967291251131903 -0.3647185102519998 0.6176964744100215 
41.708333333333336 C:/Users/DELL/PycharmProjects/Metic_demo/img/test/00001250.jpg 11.209768136913675 4.183446796579928 -6.532730303325584 0.5391510719103214 -0.29229486105821617 -0.7898606433143187 0.46914919919386805 0.8830945541854311 -0.006560279246111356 0.6994391685870214 -0.36702550669809414 0.6132512754811876 
42.042 C:/Users/DELL/PycharmProjects/Metic_demo/img/test/00001260.jpg 11.15482040684448 4.290962672267487 -6.557124078409889 0.533440376449203 -0.3034202625141629 -0.7895425948418293 0.47929603474284643 0.8775507841822356 -0.013413883141252053 0.6969337671927776 -0.3712691280957514 0.6135491493511369 
42.37566666666667 C:/Users/DELL/PycharmProjects/Metic_demo/img/test/00001270.jpg 11.046790548622507 4.280204793673424 -6.7439325325812085 0.5457117278361365 -0.30868328660282024 -0.7790464290876249 0.478511495768767 0.8779894881775908 -0.012696734493145595 0.687913845273691 -0.3658539151379049 0.6268376618064927 
42.70933333333333 C:/Users/DELL/PycharmProjects/Metic_demo/img/test/00001280.jpg 10.893915117486872 4.087470018445313 -7.101369380046621 0.5770194716735689 -0.30434441932278106 -0.7579069888427172 0.4670951883234776 0.884206864114652 0.0005536222434482652 0.6699780700549911 -0.35433415849959005 0.6523623914403535 
